	157	22	16	0.4544	0.000	0.000	0.000	0.000	0.000	0.000	0.000	0.000	0.000	0.000	0.000	0.053	0.000	0.000	0.000	0.000	0.000	0.000	0.000	0.000	0.000	0.000	0.000	0.000	0.000	0.000	0.000	0.000	0.000	0.000	0.000	0.000	0.000	0.000	0.000	0.000	0.000	0.000	0.000	0.000	0.000	0.000	0.000	0.000	0.000	0.000	0.000	0.000	0.000	0.000	0.000	0.000	0.000	0.000	0.000	0.000	0.000	0.000	0.000	0.000	0.000	0.000	0.000	0.000	0.000	0.000	0.000	0.000	0.000	0.000	0.000	0.000	0.000	0.000	0.000	0.000	0.000	0.000	0.000	0.000	0.000	0.000	0.000	0.000	0.000	0.000	0.000	0.000	0.000	0.000	0.000	0.000	0.000	0.000	0.000	0.000	0.000	0.000	0.000	0.000	0.000	0.000	0.000	0.000	0.000	0.000	0.000	0.000	0.000	0.000	0.000	0.000	0.000	0.000	0.000	0.000	0.000	0.000	0.000	0.000	0.000	0.000	0.000	0.000	0.000	0.000	0.000	0.000	0.000	0.000	0.000	0.000	0.000	0.000	0.000	0.000	0.000	0.000	0.000	0.000	0.000	0.000	0.000	0.000	0.000	0.000	0.000	0.000	0.000	0.000	0.000	0.000	0.000	0.000	0.000	0.000	0.000	0.000	0.000	0.000	0.000	0.000	0.000	0.000	0.000	0.000	0.000	0.000	0.000	0.000	0.000	0.000	0.000	0.000	0.000	0.000	0.000	0.000	0.000	0.000	0.000	0.000	0.000	0.000	0.000	0.000	0.000	0.000	0.000	0.000	0.000	0.000	0.000	0.000	0.000	0.000	0.000	0.000	0.000	0.000	0.000	0.000	0.000	0.000	0.000	0.000	0.000	0.000	0.000	0.000	0.000	0.000	0.000	0.000	0.000	0.000	0.000	0.000	0.000	0.000	0.000	0.000	0.000	0.000	0.000	0.000	0.000	0.000	0.000	0.000	0.000	0.000	0.000	0.000	0.000	0.000	0.000	0.000	0.000	0.000	0.000	0.000	0.000	0.000	0.000	0.000	0.000	0.000	0.000	0.000	0.000	0.000	0.000	0.000	0.000	0.000	0.000	0.000	0.000	0.000	0.000	0.000	0.000	0.000	0.000	0.000	0.000	0.000	0.000	0.000	0.000	0.000	0.000	0.000	0.000	0.000	0.000	0.000	0.000	0.000	0.000	0.000	0.000	0.000	0.000	0.000	0.000	0.000	0.000	0.000	0.000	0.000	0.000	0.000	0.000	0.000	0.000	0.000	0.000	0.000	0.000	0.000	0.000	0.000	0.000	0.000	0.000	0.000	0.000	0.000	0.000	999.000	0.000	-89.603	0.0000	0.0619
List of sites with changes according to ancestral reconstruction
Suzuki-Gojobori (1999) style test
   1 S N:   1.000  2.000 Sd Nd:    0.0   0.0 
   2 S N:   1.000  2.000 Sd Nd:    0.0   0.0 
   3 S N:   0.429  2.571 Sd Nd:    0.0   0.0 
   4 S N:   1.000  2.000 Sd Nd:    0.0   0.0 
   5 S N:   1.000  2.000 Sd Nd:    0.0   0.0 
   6 S N:   0.750  2.250 Sd Nd:    0.0   0.0 
   7 S N:   1.000  2.000 Sd Nd:    0.0   0.0 
   8 S N:   0.333  2.667 Sd Nd:    0.0   0.0 
   9 S N:   0.375  2.625 Sd Nd:    0.0   0.0 
  10 S N:   1.500  1.500 Sd Nd:    0.0   0.0 
  11 S N:   1.000  2.000 Sd Nd:    0.0   0.0 
  12 S N:   0.333  2.667 Sd Nd:    0.0   0.0 
  13 S N:   1.000  2.000 Sd Nd:    0.0   0.0 
  14 S N:   1.000  2.000 Sd Nd:    0.0   0.0 
  15 S N:   1.000  2.000 Sd Nd:    0.0   0.0 
  16 S N:   0.667  2.333 Sd Nd:    1.0   0.0  - p = 0.222 
  17 S N:   0.667  2.333 Sd Nd:    0.0   0.0 
  18 S N:   1.000  2.000 Sd Nd:    0.0   0.0 
  19 S N:   1.000  2.000 Sd Nd:    0.0   0.0 
  20 S N:   0.375  2.625 Sd Nd:    0.0   0.0 
  21 S N:   1.000  2.000 Sd Nd:    0.0   0.0 
  22 S N:   0.375  2.625 Sd Nd:    0.0   0.0 
	0.000	0.000	0.000	0.000	0.000	0.000	0.000	0.000	0.000	0.000	0.000	0.053	0.000	0.000	0.000	0.000	0.000	0.000	0.000	0.000	0.000	0.000	0.000	0.000	0.000	0.000	0.000	0.000	0.000	0.000	0.000	0.000	0.000	0.000	0.000	0.000	0.000	0.000	0.000	0.000	0.000	0.000	0.000	0.000	0.000	0.000	0.000	0.000	0.000	0.000	0.000	0.000	0.000	0.000	0.000	0.000	0.000	0.000	0.000	0.000	0.000	0.000	0.000	0.000	0.000	0.000	0.000	0.000	0.000	0.000	0.000	0.000	0.000	0.000	0.000	0.000	0.000	0.000	0.000	0.000	0.000	0.000	0.000	0.000	0.000	0.000	0.000	0.000	0.000	0.000	0.000	0.000	0.000	0.000	0.000	0.000	0.000	0.000	0.000	0.000	0.000	0.000	0.000	0.000	0.000	0.000	0.000	0.000	0.000	0.000	0.000	0.000	0.000	0.000	0.000	0.000	0.000	0.000	0.000	0.000	0.000	0.000	0.000	0.000	0.000	0.000	0.000	0.000	0.000	0.000	0.000	0.000	0.000	0.000	0.000	0.000	0.000	0.000	0.000	0.000	0.000	0.000	0.000	0.000	0.000	0.000	0.000	0.000	0.000	0.000	0.000	0.000	0.000	0.000	0.000	0.000	0.000	0.000	0.000	0.000	0.000	0.000	0.000	0.000	0.000	0.000	0.000	0.000	0.000	0.000	0.000	0.000	0.000	0.000	0.000	0.000	0.000	0.000	0.000	0.000	0.000	0.000	0.000	0.000	0.000	0.000	0.000	0.000	0.000	0.000	0.000	0.000	0.000	0.000	0.000	0.000	0.000	0.000	0.000	0.000	0.000	0.000	0.000	0.000	0.000	0.000	0.000	0.000	0.000	0.000	0.000	0.000	0.000	0.000	0.000	0.000	0.000	0.000	0.000	0.000	0.000	0.000	0.000	0.000	0.000	0.000	0.000	0.000	0.000	0.000	0.000	0.000	0.000	0.000	0.000	0.000	0.000	0.000	0.000	0.000	0.000	0.000	0.000	0.000	0.000	0.000	0.000	0.000	0.000	0.000	0.000	0.000	0.000	0.000	0.000	0.000	0.000	0.000	0.000	0.000	0.000	0.000	0.000	0.000	0.000	0.000	0.000	0.000	0.000	0.000	0.000	0.000	0.000	0.000	0.000	0.000	0.000	0.000	0.000	0.000	0.000	0.000	0.000	0.000	0.000	0.000	0.000	0.000	0.000	0.000	0.000	0.000	0.000	0.000	0.000	0.000	0.000	0.000	0.000	0.000	0.000	0.000	0.000	0.000	0.000	0.000	0.000	0.000	0.000	0.000	0.000	951.429	1.000	0.000	-89.603
List of sites with changes according to ancestral reconstruction
Suzuki-Gojobori (1999) style test
   1 S N:   1.000  2.000 Sd Nd:    0.0   0.0 
   2 S N:   1.000  2.000 Sd Nd:    0.0   0.0 
   3 S N:   0.429  2.571 Sd Nd:    0.0   0.0 
   4 S N:   1.000  2.000 Sd Nd:    0.0   0.0 
   5 S N:   1.000  2.000 Sd Nd:    0.0   0.0 
   6 S N:   0.750  2.250 Sd Nd:    0.0   0.0 
   7 S N:   1.000  2.000 Sd Nd:    0.0   0.0 
   8 S N:   0.333  2.667 Sd Nd:    0.0   0.0 
   9 S N:   0.375  2.625 Sd Nd:    0.0   0.0 
  10 S N:   1.500  1.500 Sd Nd:    0.0   0.0 
  11 S N:   1.000  2.000 Sd Nd:    0.0   0.0 
  12 S N:   0.333  2.667 Sd Nd:    0.0   0.0 
  13 S N:   1.000  2.000 Sd Nd:    0.0   0.0 
  14 S N:   1.000  2.000 Sd Nd:    0.0   0.0 
  15 S N:   1.000  2.000 Sd Nd:    0.0   0.0 
  16 S N:   0.667  2.333 Sd Nd:    1.0   0.0  - p = 0.222 
  17 S N:   0.667  2.333 Sd Nd:    0.0   0.0 
  18 S N:   1.000  2.000 Sd Nd:    0.0   0.0 
  19 S N:   1.000  2.000 Sd Nd:    0.0   0.0 
  20 S N:   0.375  2.625 Sd Nd:    0.0   0.0 
  21 S N:   1.000  2.000 Sd Nd:    0.0   0.0 
  22 S N:   0.375  2.625 Sd Nd:    0.0   0.0 
	0.000	0.000	0.000	0.000	0.000	0.000	0.000	0.000	0.000	0.000	0.000	0.053	0.000	0.000	0.000	0.000	0.000	0.000	0.000	0.000	0.000	0.000	0.000	0.000	0.000	0.000	0.000	0.000	0.000	0.000	0.000	0.000	0.000	0.000	0.000	0.000	0.000	0.000	0.000	0.000	0.000	0.000	0.000	0.000	0.000	0.000	0.000	0.000	0.000	0.000	0.000	0.000	0.000	0.000	0.000	0.000	0.000	0.000	0.000	0.000	0.000	0.000	0.000	0.000	0.000	0.000	0.000	0.000	0.000	0.000	0.000	0.000	0.000	0.000	0.000	0.000	0.000	0.000	0.000	0.000	0.000	0.000	0.000	0.000	0.000	0.000	0.000	0.000	0.000	0.000	0.000	0.000	0.000	0.000	0.000	0.000	0.000	0.000	0.000	0.000	0.000	0.000	0.000	0.000	0.000	0.000	0.000	0.000	0.000	0.000	0.000	0.000	0.000	0.000	0.000	0.000	0.000	0.000	0.000	0.000	0.000	0.000	0.000	0.000	0.000	0.000	0.000	0.000	0.000	0.000	0.000	0.000	0.000	0.000	0.000	0.000	0.000	0.000	0.000	0.000	0.000	0.000	0.000	0.000	0.000	0.000	0.000	0.000	0.000	0.000	0.000	0.000	0.000	0.000	0.000	0.000	0.000	0.000	0.000	0.000	0.000	0.000	0.000	0.000	0.000	0.000	0.000	0.000	0.000	0.000	0.000	0.000	0.000	0.000	0.000	0.000	0.000	0.000	0.000	0.000	0.000	0.000	0.000	0.000	0.000	0.000	0.000	0.000	0.000	0.000	0.000	0.000	0.000	0.000	0.000	0.000	0.000	0.000	0.000	0.000	0.000	0.000	0.000	0.000	0.000	0.000	0.000	0.000	0.000	0.000	0.000	0.000	0.000	0.000	0.000	0.000	0.000	0.000	0.000	0.000	0.000	0.000	0.000	0.000	0.000	0.000	0.000	0.000	0.000	0.000	0.000	0.000	0.000	0.000	0.000	0.000	0.000	0.000	0.000	0.000	0.000	0.000	0.000	0.000	0.000	0.000	0.000	0.000	0.000	0.000	0.000	0.000	0.000	0.000	0.000	0.000	0.000	0.000	0.000	0.000	0.000	0.000	0.000	0.000	0.000	0.000	0.000	0.000	0.000	0.000	0.000	0.000	0.000	0.000	0.000	0.000	0.000	0.000	0.000	0.000	0.000	0.000	0.000	0.000	0.000	0.000	0.000	0.000	0.000	0.000	0.000	0.000	0.000	0.000	0.000	0.000	0.000	0.000	0.000	0.000	0.000	0.000	0.000	0.000	0.000	0.000	0.000	0.000	0.000	0.000	0.000	951.437	1.000	0.000	0.000	1.000	-89.603
List of sites with changes according to ancestral reconstruction
Suzuki-Gojobori (1999) style test
   1 S N:   1.000  2.000 Sd Nd:    0.0   0.0 
   2 S N:   1.000  2.000 Sd Nd:    0.0   0.0 
   3 S N:   0.429  2.571 Sd Nd:    0.0   0.0 
   4 S N:   1.000  2.000 Sd Nd:    0.0   0.0 
   5 S N:   1.000  2.000 Sd Nd:    0.0   0.0 
   6 S N:   0.750  2.250 Sd Nd:    0.0   0.0 
   7 S N:   1.000  2.000 Sd Nd:    0.0   0.0 
   8 S N:   0.333  2.667 Sd Nd:    0.0   0.0 
   9 S N:   0.375  2.625 Sd Nd:    0.0   0.0 
  10 S N:   1.500  1.500 Sd Nd:    0.0   0.0 
  11 S N:   1.000  2.000 Sd Nd:    0.0   0.0 
  12 S N:   0.333  2.667 Sd Nd:    0.0   0.0 
  13 S N:   1.000  2.000 Sd Nd:    0.0   0.0 
  14 S N:   1.000  2.000 Sd Nd:    0.0   0.0 
  15 S N:   1.000  2.000 Sd Nd:    0.0   0.0 
  16 S N:   0.667  2.333 Sd Nd:    1.0   0.0  - p = 0.222 
  17 S N:   0.667  2.333 Sd Nd:    0.0   0.0 
  18 S N:   1.000  2.000 Sd Nd:    0.0   0.0 
  19 S N:   1.000  2.000 Sd Nd:    0.0   0.0 
  20 S N:   0.375  2.625 Sd Nd:    0.0   0.0 
  21 S N:   1.000  2.000 Sd Nd:    0.0   0.0 
  22 S N:   0.375  2.625 Sd Nd:    0.0   0.0 
	0.000	0.000	0.000	0.000	0.000	0.000	0.000	0.000	0.000	0.000	0.000	0.053	0.000	0.000	0.000	0.000	0.000	0.000	0.000	0.000	0.000	0.000	0.000	0.000	0.000	0.000	0.000	0.000	0.000	0.000	0.000	0.000	0.000	0.000	0.000	0.000	0.000	0.000	0.000	0.000	0.000	0.000	0.000	0.000	0.000	0.000	0.000	0.000	0.000	0.000	0.000	0.000	0.000	0.000	0.000	0.000	0.000	0.000	0.000	0.000	0.000	0.000	0.000	0.000	0.000	0.000	0.000	0.000	0.000	0.000	0.000	0.000	0.000	0.000	0.000	0.000	0.000	0.000	0.000	0.000	0.000	0.000	0.000	0.000	0.000	0.000	0.000	0.000	0.000	0.000	0.000	0.000	0.000	0.000	0.000	0.000	0.000	0.000	0.000	0.000	0.000	0.000	0.000	0.000	0.000	0.000	0.000	0.000	0.000	0.000	0.000	0.000	0.000	0.000	0.000	0.000	0.000	0.000	0.000	0.000	0.000	0.000	0.000	0.000	0.000	0.000	0.000	0.000	0.000	0.000	0.000	0.000	0.000	0.000	0.000	0.000	0.000	0.000	0.000	0.000	0.000	0.000	0.000	0.000	0.000	0.000	0.000	0.000	0.000	0.000	0.000	0.000	0.000	0.000	0.000	0.000	0.000	0.000	0.000	0.000	0.000	0.000	0.000	0.000	0.000	0.000	0.000	0.000	0.000	0.000	0.000	0.000	0.000	0.000	0.000	0.000	0.000	0.000	0.000	0.000	0.000	0.000	0.000	0.000	0.000	0.000	0.000	0.000	0.000	0.000	0.000	0.000	0.000	0.000	0.000	0.000	0.000	0.000	0.000	0.000	0.000	0.000	0.000	0.000	0.000	0.000	0.000	0.000	0.000	0.000	0.000	0.000	0.000	0.000	0.000	0.000	0.000	0.000	0.000	0.000	0.000	0.000	0.000	0.000	0.000	0.000	0.000	0.000	0.000	0.000	0.000	0.000	0.000	0.000	0.000	0.000	0.000	0.000	0.000	0.000	0.000	0.000	0.000	0.000	0.000	0.000	0.000	0.000	0.000	0.000	0.000	0.000	0.000	0.000	0.000	0.000	0.000	0.000	0.000	0.000	0.000	0.000	0.000	0.000	0.000	0.000	0.000	0.000	0.000	0.000	0.000	0.000	0.000	0.000	0.000	0.000	0.000	0.000	0.000	0.000	0.000	0.000	0.000	0.000	0.000	0.000	0.000	0.000	0.000	0.000	0.000	0.000	0.000	0.000	0.000	0.000	0.000	0.000	0.000	0.000	0.000	0.000	0.000	0.000	0.000	0.000	0.000	0.000	0.000	0.000	0.000	951.437	0.005	2.133	-89.603
List of sites with changes according to ancestral reconstruction
Suzuki-Gojobori (1999) style test
   1 S N:   1.000  2.000 Sd Nd:    0.0   0.0 
   2 S N:   1.000  2.000 Sd Nd:    0.0   0.0 
   3 S N:   0.429  2.571 Sd Nd:    0.0   0.0 
   4 S N:   1.000  2.000 Sd Nd:    0.0   0.0 
   5 S N:   1.000  2.000 Sd Nd:    0.0   0.0 
   6 S N:   0.750  2.250 Sd Nd:    0.0   0.0 
   7 S N:   1.000  2.000 Sd Nd:    0.0   0.0 
   8 S N:   0.333  2.667 Sd Nd:    0.0   0.0 
   9 S N:   0.375  2.625 Sd Nd:    0.0   0.0 
  10 S N:   1.500  1.500 Sd Nd:    0.0   0.0 
  11 S N:   1.000  2.000 Sd Nd:    0.0   0.0 
  12 S N:   0.333  2.667 Sd Nd:    0.0   0.0 
  13 S N:   1.000  2.000 Sd Nd:    0.0   0.0 
  14 S N:   1.000  2.000 Sd Nd:    0.0   0.0 
  15 S N:   1.000  2.000 Sd Nd:    0.0   0.0 
  16 S N:   0.667  2.333 Sd Nd:    1.0   0.0  - p = 0.222 
  17 S N:   0.667  2.333 Sd Nd:    0.0   0.0 
  18 S N:   1.000  2.000 Sd Nd:    0.0   0.0 
  19 S N:   1.000  2.000 Sd Nd:    0.0   0.0 
  20 S N:   0.375  2.625 Sd Nd:    0.0   0.0 
  21 S N:   1.000  2.000 Sd Nd:    0.0   0.0 
  22 S N:   0.375  2.625 Sd Nd:    0.0   0.0 
	0.000	0.000	0.000	0.000	0.000	0.000	0.000	0.000	0.000	0.000	0.000	0.053	0.000	0.000	0.000	0.000	0.000	0.000	0.000	0.000	0.000	0.000	0.000	0.000	0.000	0.000	0.000	0.000	0.000	0.000	0.000	0.000	0.000	0.000	0.000	0.000	0.000	0.000	0.000	0.000	0.000	0.000	0.000	0.000	0.000	0.000	0.000	0.000	0.000	0.000	0.000	0.000	0.000	0.000	0.000	0.000	0.000	0.000	0.000	0.000	0.000	0.000	0.000	0.000	0.000	0.000	0.000	0.000	0.000	0.000	0.000	0.000	0.000	0.000	0.000	0.000	0.000	0.000	0.000	0.000	0.000	0.000	0.000	0.000	0.000	0.000	0.000	0.000	0.000	0.000	0.000	0.000	0.000	0.000	0.000	0.000	0.000	0.000	0.000	0.000	0.000	0.000	0.000	0.000	0.000	0.000	0.000	0.000	0.000	0.000	0.000	0.000	0.000	0.000	0.000	0.000	0.000	0.000	0.000	0.000	0.000	0.000	0.000	0.000	0.000	0.000	0.000	0.000	0.000	0.000	0.000	0.000	0.000	0.000	0.000	0.000	0.000	0.000	0.000	0.000	0.000	0.000	0.000	0.000	0.000	0.000	0.000	0.000	0.000	0.000	0.000	0.000	0.000	0.000	0.000	0.000	0.000	0.000	0.000	0.000	0.000	0.000	0.000	0.000	0.000	0.000	0.000	0.000	0.000	0.000	0.000	0.000	0.000	0.000	0.000	0.000	0.000	0.000	0.000	0.000	0.000	0.000	0.000	0.000	0.000	0.000	0.000	0.000	0.000	0.000	0.000	0.000	0.000	0.000	0.000	0.000	0.000	0.000	0.000	0.000	0.000	0.000	0.000	0.000	0.000	0.000	0.000	0.000	0.000	0.000	0.000	0.000	0.000	0.000	0.000	0.000	0.000	0.000	0.000	0.000	0.000	0.000	0.000	0.000	0.000	0.000	0.000	0.000	0.000	0.000	0.000	0.000	0.000	0.000	0.000	0.000	0.000	0.000	0.000	0.000	0.000	0.000	0.000	0.000	0.000	0.000	0.000	0.000	0.000	0.000	0.000	0.000	0.000	0.000	0.000	0.000	0.000	0.000	0.000	0.000	0.000	0.000	0.000	0.000	0.000	0.000	0.000	0.000	0.000	0.000	0.000	0.000	0.000	0.000	0.000	0.000	0.000	0.000	0.000	0.000	0.000	0.000	0.000	0.000	0.000	0.000	0.000	0.000	0.000	0.000	0.000	0.000	0.000	0.000	0.000	0.000	0.000	0.000	0.000	0.000	0.000	0.000	0.000	0.000	0.000	0.000	0.000	0.000	0.000	0.000	0.000	999.000	1.000	0.005	73.810	1.000	-89.603
List of sites with changes according to ancestral reconstruction
Suzuki-Gojobori (1999) style test
   1 S N:   1.000  2.000 Sd Nd:    0.0   0.0 
   2 S N:   1.000  2.000 Sd Nd:    0.0   0.0 
   3 S N:   0.429  2.571 Sd Nd:    0.0   0.0 
   4 S N:   1.000  2.000 Sd Nd:    0.0   0.0 
   5 S N:   1.000  2.000 Sd Nd:    0.0   0.0 
   6 S N:   0.750  2.250 Sd Nd:    0.0   0.0 
   7 S N:   1.000  2.000 Sd Nd:    0.0   0.0 
   8 S N:   0.333  2.667 Sd Nd:    0.0   0.0 
   9 S N:   0.375  2.625 Sd Nd:    0.0   0.0 
  10 S N:   1.500  1.500 Sd Nd:    0.0   0.0 
  11 S N:   1.000  2.000 Sd Nd:    0.0   0.0 
  12 S N:   0.333  2.667 Sd Nd:    0.0   0.0 
  13 S N:   1.000  2.000 Sd Nd:    0.0   0.0 
  14 S N:   1.000  2.000 Sd Nd:    0.0   0.0 
  15 S N:   1.000  2.000 Sd Nd:    0.0   0.0 
  16 S N:   0.667  2.333 Sd Nd:    1.0   0.0  - p = 0.222 
  17 S N:   0.667  2.333 Sd Nd:    0.0   0.0 
  18 S N:   1.000  2.000 Sd Nd:    0.0   0.0 
  19 S N:   1.000  2.000 Sd Nd:    0.0   0.0 
  20 S N:   0.375  2.625 Sd Nd:    0.0   0.0 
  21 S N:   1.000  2.000 Sd Nd:    0.0   0.0 
  22 S N:   0.375  2.625 Sd Nd:    0.0   0.0 

